0 1 2 3 1 2 3 4 2 3 4 5 3 4 5 6
1 0 1 2 2 1 2 3 3 2 3 4 4 3 4 5
2 1 0 1 3 2 1 2 4 3 2 3 5 4 3 4
3 2 1 0 4 3 2 1 5 4 3 2 6 5 4 3
1 2 3 4 0 1 2 3 1 2 3 4 2 3 4 5
2 1 2 3 1 0 1 2 2 1 2 3 3 2 3 4
3 2 1 2 2 1 0 1 3 2 1 2 4 3 2 3
4 3 2 1 3 2 1 0 4 3 2 1 5 4 3 2
2 3 4 5 1 2 3 4 0 1 2 3 1 2 3 4
3 2 3 4 2 1 2 3 1 0 1 2 2 1 2 3
4 3 2 3 3 2 1 2 2 1 0 1 3 2 1 2
5 4 3 2 4 3 2 1 3 2 1 0 4 3 2 1
3 4 5 6 2 3 4 5 1 2 3 4 0 1 2 3
4 3 4 5 3 2 3 4 2 1 2 3 1 0 1 2
5 4 3 4 4 3 2 3 3 2 1 2 2 1 0 1
6 5 4 3 5 4 3 2 4 3 2 1 3 2 1 0
1 2 3 4 6 7 8 0 5 10 11 12 9 13 14 15
sum: 8
1 2 3 4 6 7 8 0 5 10 11 12 9 13 14 15
sum: 8
md: 8
before: 1 2 3 4 6 7 8 0 5 10 11 12 9 13 14 15
after: 1 2 3 0 6 7 8 4 5 10 11 12 9 13 14 15
1 2 3 0 6 7 8 4 5 10 11 12 9 13 14 15
sum: 9
md: 9
before: 1 2 3 4 6 7 8 0 5 10 11 12 9 13 14 15
after: 1 2 3 4 6 7 0 8 5 10 11 12 9 13 14 15
1 2 3 4 6 7 0 8 5 10 11 12 9 13 14 15
sum: 7
md: 7
before: 1 2 3 4 6 7 0 8 5 10 11 12 9 13 14 15
after: 1 2 0 4 6 7 3 8 5 10 11 12 9 13 14 15
1 2 0 4 6 7 3 8 5 10 11 12 9 13 14 15
sum: 8
md: 8
before: 1 2 3 4 6 7 0 8 5 10 11 12 9 13 14 15
after: 1 2 3 4 6 0 7 8 5 10 11 12 9 13 14 15
1 2 3 4 6 0 7 8 5 10 11 12 9 13 14 15
sum: 6
md: 6
before: 1 2 3 4 6 0 7 8 5 10 11 12 9 13 14 15
after: 1 0 3 4 6 2 7 8 5 10 11 12 9 13 14 15
1 0 3 4 6 2 7 8 5 10 11 12 9 13 14 15
sum: 7
md: 7
before: 1 2 3 4 6 0 7 8 5 10 11 12 9 13 14 15
after: 1 2 3 4 0 6 7 8 5 10 11 12 9 13 14 15
1 2 3 4 0 6 7 8 5 10 11 12 9 13 14 15
sum: 5
md: 5
before: 1 2 3 4 0 6 7 8 5 10 11 12 9 13 14 15
after: 0 2 3 4 1 6 7 8 5 10 11 12 9 13 14 15
0 2 3 4 1 6 7 8 5 10 11 12 9 13 14 15
sum: 6
md: 6
before: 1 2 3 4 0 6 7 8 5 10 11 12 9 13 14 15
after: 1 2 3 4 5 6 7 8 0 10 11 12 9 13 14 15
1 2 3 4 5 6 7 8 0 10 11 12 9 13 14 15
sum: 4
md: 4
before: 1 2 3 4 5 6 7 8 0 10 11 12 9 13 14 15
after: 1 2 3 4 5 6 7 8 9 10 11 12 0 13 14 15
1 2 3 4 5 6 7 8 9 10 11 12 0 13 14 15
sum: 3
md: 3
before: 1 2 3 4 5 6 7 8 9 10 11 12 0 13 14 15
after: 1 2 3 4 5 6 7 8 9 10 11 12 13 0 14 15
1 2 3 4 5 6 7 8 9 10 11 12 13 0 14 15
sum: 2
md: 2
before: 1 2 3 4 5 6 7 8 9 10 11 12 13 0 14 15
after: 1 2 3 4 5 6 7 8 9 0 11 12 13 10 14 15
1 2 3 4 5 6 7 8 9 0 11 12 13 10 14 15
sum: 3
md: 3
before: 1 2 3 4 5 6 7 8 9 10 11 12 13 0 14 15
after: 1 2 3 4 5 6 7 8 9 10 11 12 13 14 0 15
1 2 3 4 5 6 7 8 9 10 11 12 13 14 0 15
sum: 1
md: 1
before: 1 2 3 4 5 6 7 8 9 10 11 12 13 14 0 15
after: 1 2 3 4 5 6 7 8 9 10 0 12 13 14 11 15
1 2 3 4 5 6 7 8 9 10 0 12 13 14 11 15
sum: 2
md: 2
before: 1 2 3 4 5 6 7 8 9 10 11 12 13 14 0 15
after: 1 2 3 4 5 6 7 8 9 10 11 12 13 14 15 0
1 2 3 4 5 6 7 8 9 10 11 12 13 14 15 0
sum: 0
md: 0
8
